{"autoClear":true,"clearColor":[0,0,0],"ambientColor":[0,0,0],"gravity":[0,-9.81,0],
"module":"",
"onLoad":"",
"materials":[{"name":"bannana_with_bones.Material.001","id":"bannana_with_bones.Material.001","ambient":[0.8,0.7524,0],"diffuse":[0.64,0.6019,0],"specular":[0.5,0.5,0.5],"emissive":[0,0,0],"specularPower":50,"alpha":1,"backFaceCulling":true},{"name":"bannana_with_bones.Material.003","id":"bannana_with_bones.Material.003","ambient":[0.8,0.1652,0],"diffuse":[0.64,0.1321,0],"specular":[0.5,0.5,0.5],"emissive":[0,0,0],"specularPower":50,"alpha":1,"backFaceCulling":true},{"name":"bannana_with_bones.Material.004","id":"bannana_with_bones.Material.004","ambient":[0,0.0708,0.8],"diffuse":[0,0.0567,0.64],"specular":[0.5,0.5,0.5],"emissive":[0,0,0],"specularPower":50,"alpha":1,"backFaceCulling":true}],
"multiMaterials":[{"name":"bannana_with_bones.Multimaterial#0","id":"bannana_with_bones.Multimaterial#0","materials":["bannana_with_bones.Material.001","bannana_with_bones.Material.003","bannana_with_bones.Material.004"]}],
"skeletons":[{"name":"Armature","id":0,"bones":[
{"name":"Bone","index":0,"matrix":[1,0,0,0,0,0.9131,0.4078,0,0,0.4078,-0.9131,0,0,-3.0659,0.319,1],"parentBoneIndex":-1,"animation":{"dataType":3,"framePerSecond":24,"keys":[{"frame":1,"values":[1,0,0,0,0,0.9131,0.4078,0,0,0.4078,-0.9131,0,0,-3.0659,0.319,1]},{"frame":45,"values":[1,0,0,0,0,0.9131,0.4078,0,0,0.4078,-0.9131,0,0,-3.0659,0.319,1]}],"loopBehavior":1,"name":"anim","property":"_matrix"}},
{"name":"Bone.001","index":1,"matrix":[1,0,0,0,0,0.9873,0.1587,0,0,-0.1587,0.9873,0,0,1.0952,0,1],"parentBoneIndex":0,"animation":{"dataType":3,"framePerSecond":24,"keys":[{"frame":1,"values":[1,0,0,0,0,0.9873,0.1587,0,0,-0.1587,0.9873,0,0,1.0952,0,1]},{"frame":45,"values":[1,0,0,0,0,0.9873,0.1587,0,0,-0.1587,0.9873,0,0,1.0952,0,1]}],"loopBehavior":1,"name":"anim","property":"_matrix"}},
{"name":"Bone.002","index":2,"matrix":[1,0,0,0,0,0.9982,0.0605,0,0,-0.0605,0.9982,0,0,1.1555,0,1],"parentBoneIndex":1,"animation":{"dataType":3,"framePerSecond":24,"keys":[{"frame":1,"values":[1,0,0,0,0,0.9982,0.0605,0,0,-0.0605,0.9982,0,0,1.1555,0,1]},{"frame":45,"values":[1,0,0,0,0,0.9982,0.0605,0,0,-0.0605,0.9982,0,0,1.1555,0,1]}],"loopBehavior":1,"name":"anim","property":"_matrix"}},
{"name":"Bone.003","index":3,"matrix":[0.9961,0.0405,-0.0784,0,-0.022,0.9742,0.2247,0,0.0855,-0.2221,0.9713,0,0,1.2839,0,1],"parentBoneIndex":2,"animation":{"dataType":3,"framePerSecond":24,"keys":[{"frame":1,"values":[0.9961,0.0405,-0.0784,0,-0.022,0.9742,0.2247,0,0.0855,-0.2221,0.9713,0,0,1.2839,0,1]},{"frame":45,"values":[0.9961,0.0405,-0.0784,0,-0.022,0.9742,0.2247,0,0.0855,-0.2221,0.9713,0,0,1.2839,0,1]}],"loopBehavior":1,"name":"anim","property":"_matrix"}},
{"name":"Bone.004","index":4,"matrix":[0.9961,-0.0269,0.0842,0,-0.0025,0.9437,0.3307,0,-0.0884,-0.3297,0.94,0,0,0.8003,0,1],"parentBoneIndex":3,"animation":{"dataType":3,"framePerSecond":24,"keys":[{"frame":1,"values":[0.9961,-0.0269,0.0842,0,-0.0025,0.9437,0.3307,0,-0.0884,-0.3297,0.94,0,0,0.8003,0,1]},{"frame":31,"values":[0.9961,-0.0269,0.0842,0,-0.0033,0.9408,0.3389,0,-0.0883,-0.3379,0.937,0,0,0.8003,0,1]},{"frame":32,"values":[0.9961,-0.0268,0.0841,0,-0.0056,0.9316,0.3635,0,-0.0881,-0.3626,0.9278,0,0,0.8003,0,1]},{"frame":33,"values":[0.9961,-0.0268,0.0839,0,-0.0093,0.9151,0.4031,0,-0.0875,-0.4023,0.9113,0,0,0.8003,0,1]},{"frame":34,"values":[0.9961,-0.0267,0.0836,0,-0.0142,0.891,0.4538,0,-0.0866,-0.4532,0.8872,0,0,0.8003,0,1]},{"frame":35,"values":[0.9962,-0.0266,0.0833,0,-0.0197,0.8602,0.5096,0,-0.0852,-0.5093,0.8564,0,0,0.8003,0,1]},{"frame":36,"values":[0.9962,-0.0264,0.083,0,-0.025,0.8258,0.5634,0,-0.0834,-0.5633,0.822,0,0,0.8003,0,1]},{"frame":37,"values":[0.9962,-0.0263,0.0828,0,-0.0297,0.7928,0.6088,0,-0.0816,-0.609,0.789,0,0,0.8003,0,1]},{"frame":38,"values":[0.9962,-0.0261,0.0826,0,-0.0331,0.7659,0.6422,0,-0.08,-0.6425,0.7621,0,0,0.8003,0,1]},{"frame":39,"values":[0.9963,-0.0261,0.0825,0,-0.0352,0.7486,0.662,0,-0.079,-0.6625,0.7449,0,0,0.8003,0,1]},{"frame":40,"values":[0.9963,-0.026,0.0824,0,-0.0359,0.7428,0.6685,0,-0.0786,-0.669,0.7391,0,0,0.8003,0,1]},{"frame":45,"values":[0.9963,-0.026,0.0824,0,-0.0359,0.7428,0.6685,0,-0.0786,-0.669,0.7391,0,0,0.8003,0,1]}],"loopBehavior":1,"name":"anim","property":"_matrix"}},
{"name":"Bone.005","index":5,"matrix":[1,0.0051,-0.0005,0,-0.0049,0.935,-0.3547,0,-0.0014,0.3547,0.935,0,0,3.4776,0,1],"parentBoneIndex":4,"animation":{"dataType":3,"framePerSecond":24,"keys":[{"frame":1,"values":[1,0.0051,-0.0005,0,-0.0049,0.935,-0.3547,0,-0.0014,0.3547,0.935,0,0,3.4776,0,1]},{"frame":22,"values":[1,0.0051,-0.0005,0,-0.0049,0.9446,-0.3281,0,-0.0012,0.3281,0.9447,0,0,3.4776,0,1]},{"frame":23,"values":[1,0.0051,-0.0005,0,-0.005,0.9694,-0.2454,0,-0.0008,0.2454,0.9694,0,0,3.4776,0,1]},{"frame":24,"values":[1,0.0051,-0.0005,0,-0.0051,0.9944,-0.1058,0,-0.0001,0.1058,0.9944,0,0,3.4776,0,1]},{"frame":25,"values":[1,0.0051,-0.0005,0,-0.005,0.9969,0.0785,0,0.0009,-0.0785,0.9969,0,0,3.4776,0,1]},{"frame":26,"values":[1,0.0051,-0.0005,0,-0.0047,0.9612,0.276,0,0.0018,-0.276,0.9612,0,0,3.4776,0,1]},{"frame":27,"values":[1,0.0051,-0.0005,0,-0.0043,0.8942,0.4477,0,0.0027,-0.4477,0.8942,0,0,3.4776,0,1]},{"frame":28,"values":[1,0.0051,-0.0005,0,-0.0039,0.8219,0.5697,0,0.0033,-0.5697,0.8219,0,0,3.4776,0,1]},{"frame":29,"values":[1,0.0051,-0.0005,0,-0.0036,0.7697,0.6384,0,0.0036,-0.6384,0.7697,0,0,3.4776,0,1]},{"frame":30,"values":[1,0.0051,-0.0005,0,-0.0035,0.7513,0.66,0,0.0037,-0.66,0.7513,0,0,3.4776,0,1]},{"frame":31,"values":[1,0.0051,-0.0005,0,-0.0035,0.7513,0.66,0,0.0037,-0.66,0.7513,0,0,3.4776,0,1]},{"frame":32,"values":[1,0.0051,-0.0005,0,-0.0035,0.7513,0.66,0,0.0037,-0.66,0.7513,0,0,3.4776,0,1]},{"frame":33,"values":[1,0.0051,-0.0005,0,-0.0035,0.7513,0.66,0,0.0037,-0.66,0.7513,0,0,3.4776,0,1]},{"frame":34,"values":[1,0.0051,-0.0005,0,-0.0035,0.7513,0.66,0,0.0037,-0.66,0.7513,0,0,3.4776,0,1]},{"frame":35,"values":[1,0.0051,-0.0005,0,-0.0035,0.7513,0.66,0,0.0037,-0.66,0.7513,0,0,3.4776,0,1]},{"frame":36,"values":[1,0.0051,-0.0005,0,-0.0035,0.7513,0.66,0,0.0037,-0.66,0.7513,0,0,3.4776,0,1]},{"frame":37,"values":[1,0.0051,-0.0005,0,-0.0035,0.7513,0.66,0,0.0037,-0.66,0.7513,0,0,3.4776,0,1]},{"frame":38,"values":[1,0.0051,-0.0005,0,-0.0035,0.7513,0.66,0,0.0037,-0.66,0.7513,0,0,3.4776,0,1]},{"frame":39,"values":[1,0.0051,-0.0005,0,-0.0035,0.7513,0.66,0,0.0037,-0.66,0.7513,0,0,3.4776,0,1]},{"frame":40,"values":[1,0.0051,-0.0005,0,-0.0035,0.7513,0.66,0,0.0037,-0.66,0.7513,0,0,3.4776,0,1]},{"frame":45,"values":[1,0.0051,-0.0005,0,-0.0035,0.7513,0.66,0,0.0037,-0.66,0.7513,0,0,3.4776,0,1]}],"loopBehavior":1,"name":"anim","property":"_matrix"}},
{"name":"Bone.007","index":6,"matrix":[0.6338,-0.0302,-0.7729,0,-0.7735,-0.0182,-0.6336,0,0.005,0.9994,-0.0349,0,-1.1731,0.5731,-0.3758,1],"parentBoneIndex":3,"animation":{"dataType":3,"framePerSecond":24,"keys":[{"frame":1,"values":[0.6338,-0.0302,-0.7729,0,-0.7735,-0.0182,-0.6336,0,0.005,0.9994,-0.0349,0,-1.1731,0.5731,-0.3758,1]},{"frame":2,"values":[0.6024,-0.0317,-0.7975,0,-0.7982,-0.0238,-0.602,0,0,0.9992,-0.0396,0,-1.1731,0.5731,-0.3758,1]},{"frame":3,"values":[0.4993,-0.0377,-0.8656,0,-0.8663,-0.0407,-0.4979,0,-0.0165,0.9985,-0.053,0,-1.1731,0.5731,-0.3758,1]},{"frame":4,"values":[0.3079,-0.0526,-0.9499,0,-0.9502,-0.0672,-0.3043,0,-0.0478,0.9964,-0.0707,0,-1.1731,0.5731,-0.3758,1]},{"frame":5,"values":[0.0323,-0.0806,-0.9962,0,-0.995,-0.0966,-0.0245,0,-0.0943,0.9921,-0.0833,0,-1.1731,0.5731,-0.3758,1]},{"frame":6,"values":[-0.2721,-0.1194,-0.9548,0,-0.951,-0.1183,0.2858,0,-0.1471,0.9858,-0.0814,0,-1.1731,0.5731,-0.3758,1]},{"frame":7,"values":[-0.524,-0.1588,-0.8368,0,-0.8298,-0.1266,0.5436,0,-0.1922,0.9792,-0.0655,0,-1.1731,0.5731,-0.3758,1]},{"frame":8,"values":[-0.6839,-0.1888,-0.7047,0,-0.695,-0.1252,0.7081,0,-0.2219,0.974,-0.0456,0,-1.1731,0.5731,-0.3758,1]},{"frame":9,"values":[-0.7638,-0.2061,-0.6117,0,-0.6004,-0.1213,0.7905,0,-0.2371,0.971,-0.031,0,-1.1731,0.5731,-0.3758,1]},{"frame":10,"values":[-0.7869,-0.2115,-0.5797,0,-0.5678,-0.1196,0.8144,0,-0.2416,0.97,-0.026,0,-1.1731,0.5731,-0.3758,1]},{"frame":11,"values":[-0.7716,-0.2079,-0.6011,0,-0.5896,-0.1208,0.7986,0,-0.2386,0.9707,-0.0294,0,-1.1731,0.5731,-0.3758,1]},{"frame":12,"values":[-0.7209,-0.1965,-0.6646,0,-0.6542,-0.1237,0.7462,0,-0.2289,0.9727,-0.0394,0,-1.1731,0.5731,-0.3758,1]},{"frame":13,"values":[-0.6226,-0.1767,-0.7623,0,-0.7537,-0.1265,0.6449,0,-0.2104,0.9761,-0.0544,0,-1.1731,0.5731,-0.3758,1]},{"frame":14,"values":[-0.4639,-0.1487,-0.8733,0,-0.8671,-0.1256,0.482,0,-0.1813,0.9809,-0.0707,0,-1.1731,0.5731,-0.3758,1]},{"frame":15,"values":[-0.2455,-0.1157,-0.9625,0,-0.9589,-0.1169,0.2587,0,-0.1424,0.9864,-0.0822,0,-1.1731,0.5731,-0.3758,1]},{"frame":16,"values":[0.0046,-0.0837,-0.9965,0,-0.9951,-0.099,0.0038,0,-0.099,0.9916,-0.0838,0,-1.1731,0.5731,-0.3758,1]},{"frame":17,"values":[0.2398,-0.0589,-0.969,0,-0.969,-0.0754,-0.2353,0,-0.0592,0.9954,-0.0751,0,-1.1731,0.5731,-0.3758,1]},{"frame":18,"values":[0.4239,-0.0431,-0.9047,0,-0.9052,-0.0518,-0.4217,0,-0.0287,0.9977,-0.061,0,-1.1731,0.5731,-0.3758,1]},{"frame":19,"values":[0.5462,-0.0348,-0.8369,0,-0.8376,-0.0333,-0.5453,0,-0.0089,0.9988,-0.0473,0,-1.1731,0.5731,-0.3758,1]},{"frame":20,"values":[0.613,-0.0311,-0.7894,0,-0.7901,-0.022,-0.6126,0,0.0017,0.9993,-0.0381,0,-1.1731,0.5731,-0.3758,1]},{"frame":21,"values":[0.6338,-0.0302,-0.7729,0,-0.7735,-0.0182,-0.6336,0,0.005,0.9994,-0.0349,0,-1.1731,0.5731,-0.3758,1]},{"frame":45,"values":[0.6338,-0.0302,-0.7729,0,-0.7735,-0.0182,-0.6336,0,0.005,0.9994,-0.0349,0,-1.1731,0.5731,-0.3758,1]}],"loopBehavior":1,"name":"anim","property":"_matrix"}},
{"name":"Bone.008","index":7,"matrix":[0.9834,-0.1814,-0.008,0,0.1816,0.9832,0.0202,0,0.0042,-0.0213,0.9998,0,0,0.8244,0,1],"parentBoneIndex":6,"animation":{"dataType":3,"framePerSecond":24,"keys":[{"frame":1,"values":[0.9834,-0.1814,-0.008,0,0.1816,0.9832,0.0202,0,0.0042,-0.0213,0.9998,0,0,0.8244,0,1]},{"frame":2,"values":[0.9834,-0.1814,-0.008,0,0.1816,0.9832,0.0202,0,0.0042,-0.0213,0.9998,0,0,0.8244,0,1]},{"frame":3,"values":[0.9834,-0.1814,-0.008,0,0.1816,0.9832,0.0202,0,0.0042,-0.0213,0.9998,0,0,0.8244,0,1]},{"frame":4,"values":[0.9834,-0.1814,-0.008,0,0.1816,0.9832,0.0202,0,0.0042,-0.0213,0.9998,0,0,0.8244,0,1]},{"frame":5,"values":[0.9834,-0.1814,-0.008,0,0.1816,0.9832,0.0202,0,0.0042,-0.0213,0.9998,0,0,0.8244,0,1]},{"frame":6,"values":[0.9834,-0.1814,-0.008,0,0.1816,0.9832,0.0202,0,0.0042,-0.0213,0.9998,0,0,0.8244,0,1]},{"frame":7,"values":[0.9834,-0.1814,-0.008,0,0.1816,0.9832,0.0202,0,0.0042,-0.0213,0.9998,0,0,0.8244,0,1]},{"frame":8,"values":[0.9834,-0.1814,-0.008,0,0.1816,0.9832,0.0202,0,0.0042,-0.0213,0.9998,0,0,0.8244,0,1]},{"frame":9,"values":[0.9834,-0.1814,-0.008,0,0.1816,0.9832,0.0202,0,0.0042,-0.0213,0.9998,0,0,0.8244,0,1]},{"frame":10,"values":[0.9834,-0.1814,-0.008,0,0.1816,0.9832,0.0202,0,0.0042,-0.0213,0.9998,0,0,0.8244,0,1]},{"frame":11,"values":[0.9834,-0.1814,-0.008,0,0.1816,0.9832,0.0202,0,0.0042,-0.0213,0.9998,0,0,0.8244,0,1]},{"frame":12,"values":[0.9834,-0.1814,-0.008,0,0.1816,0.9832,0.0202,0,0.0042,-0.0213,0.9998,0,0,0.8244,0,1]},{"frame":13,"values":[0.9834,-0.1814,-0.008,0,0.1816,0.9832,0.0202,0,0.0042,-0.0213,0.9998,0,0,0.8244,0,1]},{"frame":14,"values":[0.9834,-0.1814,-0.008,0,0.1816,0.9832,0.0202,0,0.0042,-0.0213,0.9998,0,0,0.8244,0,1]},{"frame":15,"values":[0.9834,-0.1814,-0.008,0,0.1816,0.9832,0.0202,0,0.0042,-0.0213,0.9998,0,0,0.8244,0,1]},{"frame":16,"values":[0.9834,-0.1814,-0.008,0,0.1816,0.9832,0.0202,0,0.0042,-0.0213,0.9998,0,0,0.8244,0,1]},{"frame":17,"values":[0.9834,-0.1814,-0.008,0,0.1816,0.9832,0.0202,0,0.0042,-0.0213,0.9998,0,0,0.8244,0,1]},{"frame":18,"values":[0.9834,-0.1814,-0.008,0,0.1816,0.9832,0.0202,0,0.0042,-0.0213,0.9998,0,0,0.8244,0,1]},{"frame":19,"values":[0.9834,-0.1814,-0.008,0,0.1816,0.9832,0.0202,0,0.0042,-0.0213,0.9998,0,0,0.8244,0,1]},{"frame":20,"values":[0.9834,-0.1814,-0.008,0,0.1816,0.9832,0.0202,0,0.0042,-0.0213,0.9998,0,0,0.8244,0,1]},{"frame":21,"values":[0.9834,-0.1814,-0.008,0,0.1816,0.9832,0.0202,0,0.0042,-0.0213,0.9998,0,0,0.8244,0,1]},{"frame":45,"values":[0.9834,-0.1814,-0.008,0,0.1816,0.9832,0.0202,0,0.0042,-0.0213,0.9998,0,0,0.8244,0,1]}],"loopBehavior":1,"name":"anim","property":"_matrix"}},
{"name":"Bone.009","index":8,"matrix":[-0.7524,0.2521,0.6085,0,0.6252,-0.0172,0.7802,0,0.2072,0.9675,-0.1447,0,1.2367,0.52,-0.1691,1],"parentBoneIndex":3,"animation":{"dataType":3,"framePerSecond":24,"keys":[{"frame":1,"values":[-0.7524,0.2521,0.6085,0,0.6252,-0.0172,0.7802,0,0.2072,0.9675,-0.1447,0,1.2367,0.52,-0.1691,1]},{"frame":2,"values":[-0.729,0.2523,0.6363,0,0.6538,-0.0185,0.7564,0,0.2026,0.9675,-0.1514,0,1.2367,0.52,-0.1691,1]},{"frame":3,"values":[-0.6507,0.2523,0.7162,0,0.736,-0.0225,0.6766,0,0.1868,0.9674,-0.1711,0,1.2367,0.52,-0.1691,1]},{"frame":4,"values":[-0.5004,0.2515,0.8285,0,0.8517,-0.029,0.5232,0,0.1556,0.9674,-0.1996,0,1.2367,0.52,-0.1691,1]},{"frame":5,"values":[-0.273,0.2485,0.9294,0,0.9561,-0.0373,0.2908,0,0.1069,0.9679,-0.2274,0,1.2367,0.52,-0.1691,1]},{"frame":6,"values":[-0.003,0.2429,0.97,0,0.9989,-0.0451,0.0144,0,0.0473,0.969,-0.2425,0,1.2367,0.52,-0.1691,1]},{"frame":7,"values":[0.2439,0.2362,0.9406,0,0.9698,-0.0507,-0.2388,0,-0.0088,0.9704,-0.2414,0,1.2367,0.52,-0.1691,1]},{"frame":8,"values":[0.4205,0.2304,0.8775,0,0.9059,-0.0536,-0.4201,0,-0.0498,0.9716,-0.2313,0,1.2367,0.52,-0.1691,1]},{"frame":9,"values":[0.5189,0.2267,0.8242,0,0.8517,-0.0548,-0.5211,0,-0.073,0.9724,-0.2215,0,1.2367,0.52,-0.1691,1]},{"frame":10,"values":[0.5494,0.2255,0.8046,0,0.8317,-0.055,-0.5525,0,-0.0803,0.9727,-0.2178,0,1.2367,0.52,-0.1691,1]},{"frame":11,"values":[0.5291,0.2263,0.8178,0,0.8452,-0.0549,-0.5316,0,-0.0755,0.9725,-0.2203,0,1.2367,0.52,-0.1691,1]},{"frame":12,"values":[0.4649,0.2288,0.8553,0,0.8833,-0.0542,-0.4657,0,-0.0602,0.972,-0.2273,0,1.2367,0.52,-0.1691,1]},{"frame":13,"values":[0.3502,0.2328,0.9073,0,0.9361,-0.0525,-0.3479,0,-0.0333,0.9711,-0.2364,0,1.2367,0.52,-0.1691,1]},{"frame":14,"values":[0.1823,0.2381,0.954,0,0.9832,-0.0494,-0.1756,0,0.0054,0.97,-0.2431,0,1.2367,0.52,-0.1691,1]},{"frame":15,"values":[-0.0276,0.2435,0.9695,0,0.9982,-0.0445,0.0396,0,0.0528,0.9689,-0.2418,0,1.2367,0.52,-0.1691,1]},{"frame":16,"values":[-0.2493,0.248,0.9361,0,0.9631,-0.0381,0.2666,0,0.1017,0.968,-0.2294,0,1.2367,0.52,-0.1691,1]},{"frame":17,"values":[-0.4454,0.2509,0.8594,0,0.8837,-0.0312,0.4671,0,0.144,0.9675,-0.2078,0,1.2367,0.52,-0.1691,1]},{"frame":18,"values":[-0.5922,0.2521,0.7653,0,0.7866,-0.0252,0.617,0,0.1748,0.9674,-0.1834,0,1.2367,0.52,-0.1691,1]},{"frame":19,"values":[-0.6866,0.2524,0.6819,0,0.7007,-0.0207,0.7132,0,0.1941,0.9674,-0.1626,0,1.2367,0.52,-0.1691,1]},{"frame":20,"values":[-0.7369,0.2522,0.6271,0,0.6444,-0.0181,0.7645,0,0.2042,0.9675,-0.1492,0,1.2367,0.52,-0.1691,1]},{"frame":21,"values":[-0.7524,0.2521,0.6085,0,0.6252,-0.0172,0.7802,0,0.2072,0.9675,-0.1447,0,1.2367,0.52,-0.1691,1]},{"frame":45,"values":[-0.7524,0.2521,0.6085,0,0.6252,-0.0172,0.7802,0,0.2072,0.9675,-0.1447,0,1.2367,0.52,-0.1691,1]}],"loopBehavior":1,"name":"anim","property":"_matrix"}},
{"name":"Bone.010","index":9,"matrix":[0.9604,0.1814,-0.2115,0,-0.1725,0.9832,0.0602,0,0.2188,-0.0213,0.9755,0,0,0.8244,0,1],"parentBoneIndex":8,"animation":{"dataType":3,"framePerSecond":24,"keys":[{"frame":1,"values":[0.9604,0.1814,-0.2115,0,-0.1725,0.9832,0.0602,0,0.2188,-0.0213,0.9755,0,0,0.8244,0,1]},{"frame":2,"values":[0.9604,0.1814,-0.2115,0,-0.1725,0.9832,0.0602,0,0.2188,-0.0213,0.9755,0,0,0.8244,0,1]},{"frame":3,"values":[0.9604,0.1814,-0.2115,0,-0.1725,0.9832,0.0602,0,0.2188,-0.0213,0.9755,0,0,0.8244,0,1]},{"frame":4,"values":[0.9604,0.1814,-0.2115,0,-0.1725,0.9832,0.0602,0,0.2188,-0.0213,0.9755,0,0,0.8244,0,1]},{"frame":5,"values":[0.9604,0.1814,-0.2115,0,-0.1725,0.9832,0.0602,0,0.2188,-0.0213,0.9755,0,0,0.8244,0,1]},{"frame":6,"values":[0.9604,0.1814,-0.2115,0,-0.1725,0.9832,0.0602,0,0.2188,-0.0213,0.9755,0,0,0.8244,0,1]},{"frame":7,"values":[0.9604,0.1814,-0.2115,0,-0.1725,0.9832,0.0602,0,0.2188,-0.0213,0.9755,0,0,0.8244,0,1]},{"frame":8,"values":[0.9604,0.1814,-0.2115,0,-0.1725,0.9832,0.0602,0,0.2188,-0.0213,0.9755,0,0,0.8244,0,1]},{"frame":9,"values":[0.9604,0.1814,-0.2115,0,-0.1725,0.9832,0.0602,0,0.2188,-0.0213,0.9755,0,0,0.8244,0,1]},{"frame":10,"values":[0.9604,0.1814,-0.2115,0,-0.1725,0.9832,0.0602,0,0.2188,-0.0213,0.9755,0,0,0.8244,0,1]},{"frame":11,"values":[0.9604,0.1814,-0.2115,0,-0.1725,0.9832,0.0602,0,0.2188,-0.0213,0.9755,0,0,0.8244,0,1]},{"frame":12,"values":[0.9604,0.1814,-0.2115,0,-0.1725,0.9832,0.0602,0,0.2188,-0.0213,0.9755,0,0,0.8244,0,1]},{"frame":13,"values":[0.9604,0.1814,-0.2115,0,-0.1725,0.9832,0.0602,0,0.2188,-0.0213,0.9755,0,0,0.8244,0,1]},{"frame":14,"values":[0.9604,0.1814,-0.2115,0,-0.1725,0.9832,0.0602,0,0.2188,-0.0213,0.9755,0,0,0.8244,0,1]},{"frame":15,"values":[0.9604,0.1814,-0.2115,0,-0.1725,0.9832,0.0602,0,0.2188,-0.0213,0.9755,0,0,0.8244,0,1]},{"frame":16,"values":[0.9604,0.1814,-0.2115,0,-0.1725,0.9832,0.0602,0,0.2188,-0.0213,0.9755,0,0,0.8244,0,1]},{"frame":17,"values":[0.9604,0.1814,-0.2115,0,-0.1725,0.9832,0.0602,0,0.2188,-0.0213,0.9755,0,0,0.8244,0,1]},{"frame":18,"values":[0.9604,0.1814,-0.2115,0,-0.1725,0.9832,0.0602,0,0.2188,-0.0213,0.9755,0,0,0.8244,0,1]},{"frame":19,"values":[0.9604,0.1814,-0.2115,0,-0.1725,0.9832,0.0602,0,0.2188,-0.0213,0.9755,0,0,0.8244,0,1]},{"frame":20,"values":[0.9604,0.1814,-0.2115,0,-0.1725,0.9832,0.0602,0,0.2188,-0.0213,0.9755,0,0,0.8244,0,1]},{"frame":21,"values":[0.9604,0.1814,-0.2115,0,-0.1725,0.9832,0.0602,0,0.2188,-0.0213,0.9755,0,0,0.8244,0,1]},{"frame":45,"values":[0.9604,0.1814,-0.2115,0,-0.1725,0.9832,0.0602,0,0.2188,-0.0213,0.9755,0,0,0.8244,0,1]}],"loopBehavior":1,"name":"anim","property":"_matrix"}},
{"name":"Bone.021","index":10,"matrix":[-0.0145,-0.4348,0.9004,0,-0.0968,-0.8957,-0.434,0,-0.9952,0.0935,0.0291,0,-0.8481,-2.2006,0.319,1],"parentBoneIndex":-1,"animation":{"dataType":3,"framePerSecond":24,"keys":[{"frame":1,"values":[-0.0145,-0.4348,0.9004,0,-0.0968,-0.8957,-0.434,0,-0.9952,0.0935,0.0291,0,-0.8481,-2.2006,0.319,1]},{"frame":2,"values":[-0.0145,-0.4129,0.9106,0,-0.0968,-0.9059,-0.4123,0,-0.9952,0.0942,0.0268,0,-0.8481,-2.2006,0.319,1]},{"frame":3,"values":[-0.0145,-0.3454,0.9383,0,-0.0968,-0.9335,-0.3451,0,-0.9952,0.0959,0.0199,0,-0.8481,-2.2006,0.319,1]},{"frame":4,"values":[-0.0145,-0.2314,0.9728,0,-0.0968,-0.968,-0.2317,0,-0.9952,0.0976,0.0083,0,-0.8481,-2.2006,0.319,1]},{"frame":5,"values":[-0.0145,-0.0794,0.9967,0,-0.0968,-0.992,-0.0804,0,-0.9952,0.0977,-0.0067,0,-0.8481,-2.2006,0.319,1]},{"frame":6,"values":[-0.0145,0.0877,0.996,0,-0.0968,-0.9916,0.0859,0,-0.9952,0.0952,-0.0229,0,-0.8481,-2.2006,0.319,1]},{"frame":7,"values":[-0.0145,0.2394,0.9708,0,-0.0968,-0.9667,0.237,0,-0.9952,0.0906,-0.0372,0,-0.8481,-2.2006,0.319,1]},{"frame":8,"values":[-0.0145,0.3532,0.9354,0,-0.0968,-0.9316,0.3502,0,-0.9952,0.0855,-0.0477,0,-0.8481,-2.2006,0.319,1]},{"frame":9,"values":[-0.0145,0.4205,0.9072,0,-0.0968,-0.9036,0.4173,0,-0.9952,0.0818,-0.0538,0,-0.8481,-2.2006,0.319,1]},{"frame":10,"values":[-0.0145,0.4422,0.8968,0,-0.0968,-0.8933,0.4389,0,-0.9952,0.0805,-0.0558,0,-0.8481,-2.2006,0.319,1]},{"frame":11,"values":[-0.0145,0.4277,0.9038,0,-0.0968,-0.9002,0.4245,0,-0.9952,0.0814,-0.0545,0,-0.8481,-2.2006,0.319,1]},{"frame":12,"values":[-0.0145,0.3831,0.9236,0,-0.0968,-0.9199,0.38,0,-0.9952,0.0839,-0.0505,0,-0.8481,-2.2006,0.319,1]},{"frame":13,"values":[-0.0145,0.307,0.9516,0,-0.0968,-0.9476,0.3043,0,-0.9952,0.0877,-0.0435,0,-0.8481,-2.2006,0.319,1]},{"frame":14,"values":[-0.0145,0.2011,0.9795,0,-0.0968,-0.9752,0.1988,0,-0.9952,0.092,-0.0336,0,-0.8481,-2.2006,0.319,1]},{"frame":15,"values":[-0.0145,0.0727,0.9973,0,-0.0968,-0.9928,0.0709,0,-0.9952,0.0955,-0.0215,0,-0.8481,-2.2006,0.319,1]},{"frame":16,"values":[-0.0145,-0.0644,0.9978,0,-0.0968,-0.9931,-0.0655,0,-0.9952,0.0976,-0.0082,0,-0.8481,-2.2006,0.319,1]},{"frame":17,"values":[-0.0145,-0.193,0.9811,0,-0.0968,-0.9763,-0.1935,0,-0.9952,0.0978,0.0045,0,-0.8481,-2.2006,0.319,1]},{"frame":18,"values":[-0.0145,-0.2991,0.9541,0,-0.0968,-0.9493,-0.2991,0,-0.9952,0.0967,0.0152,0,-0.8481,-2.2006,0.319,1]},{"frame":19,"values":[-0.0145,-0.3754,0.9267,0,-0.0968,-0.922,-0.375,0,-0.9952,0.0952,0.023,0,-0.8481,-2.2006,0.319,1]},{"frame":20,"values":[-0.0145,-0.4202,0.9073,0,-0.0968,-0.9025,-0.4196,0,-0.9952,0.094,0.0276,0,-0.8481,-2.2006,0.319,1]},{"frame":21,"values":[-0.0145,-0.4348,0.9004,0,-0.0968,-0.8957,-0.434,0,-0.9952,0.0935,0.0291,0,-0.8481,-2.2006,0.319,1]},{"frame":45,"values":[-0.0145,-0.4348,0.9004,0,-0.0968,-0.8957,-0.434,0,-0.9952,0.0935,0.0291,0,-0.8481,-2.2006,0.319,1]}],"loopBehavior":1,"name":"anim","property":"_matrix"}},
{"name":"Bone.022","index":11,"matrix":[-0.9953,0.0973,0.0023,0,0.0964,0.9891,-0.111,0,-0.013,-0.1103,-0.9938,0,0,1.7733,0,1],"parentBoneIndex":10,"animation":{"dataType":3,"framePerSecond":24,"keys":[{"frame":1,"values":[-0.9953,0.0973,0.0023,0,0.0964,0.9891,-0.111,0,-0.013,-0.1103,-0.9938,0,0,1.7733,0,1]},{"frame":2,"values":[-0.9953,0.0973,0.0023,0,0.0964,0.9891,-0.111,0,-0.013,-0.1103,-0.9938,0,0,1.7733,0,1]},{"frame":3,"values":[-0.9953,0.0973,0.0023,0,0.0964,0.9891,-0.111,0,-0.013,-0.1103,-0.9938,0,0,1.7733,0,1]},{"frame":4,"values":[-0.9953,0.0973,0.0023,0,0.0964,0.9891,-0.111,0,-0.013,-0.1103,-0.9938,0,0,1.7733,0,1]},{"frame":5,"values":[-0.9953,0.0973,0.0023,0,0.0964,0.9891,-0.111,0,-0.013,-0.1103,-0.9938,0,0,1.7733,0,1]},{"frame":6,"values":[-0.9953,0.0973,0.0023,0,0.0964,0.9891,-0.111,0,-0.013,-0.1103,-0.9938,0,0,1.7733,0,1]},{"frame":7,"values":[-0.9953,0.0973,0.0023,0,0.0964,0.9891,-0.111,0,-0.013,-0.1103,-0.9938,0,0,1.7733,0,1]},{"frame":8,"values":[-0.9953,0.0973,0.0023,0,0.0964,0.9891,-0.111,0,-0.013,-0.1103,-0.9938,0,0,1.7733,0,1]},{"frame":9,"values":[-0.9953,0.0973,0.0023,0,0.0964,0.9891,-0.111,0,-0.013,-0.1103,-0.9938,0,0,1.7733,0,1]},{"frame":10,"values":[-0.9953,0.0973,0.0023,0,0.0964,0.9891,-0.111,0,-0.013,-0.1103,-0.9938,0,0,1.7733,0,1]},{"frame":11,"values":[-0.9953,0.0973,0.0023,0,0.0964,0.9891,-0.111,0,-0.013,-0.1103,-0.9938,0,0,1.7733,0,1]},{"frame":12,"values":[-0.9953,0.0973,0.0023,0,0.0964,0.9891,-0.111,0,-0.013,-0.1103,-0.9938,0,0,1.7733,0,1]},{"frame":13,"values":[-0.9953,0.0973,0.0023,0,0.0964,0.9891,-0.111,0,-0.013,-0.1103,-0.9938,0,0,1.7733,0,1]},{"frame":14,"values":[-0.9953,0.0973,0.0023,0,0.0964,0.9891,-0.111,0,-0.013,-0.1103,-0.9938,0,0,1.7733,0,1]},{"frame":15,"values":[-0.9953,0.0973,0.0023,0,0.0964,0.9891,-0.111,0,-0.013,-0.1103,-0.9938,0,0,1.7733,0,1]},{"frame":16,"values":[-0.9953,0.0973,0.0023,0,0.0964,0.9891,-0.111,0,-0.013,-0.1103,-0.9938,0,0,1.7733,0,1]},{"frame":17,"values":[-0.9953,0.0973,0.0023,0,0.0964,0.9891,-0.111,0,-0.013,-0.1103,-0.9938,0,0,1.7733,0,1]},{"frame":18,"values":[-0.9953,0.0973,0.0023,0,0.0964,0.9891,-0.111,0,-0.013,-0.1103,-0.9938,0,0,1.7733,0,1]},{"frame":19,"values":[-0.9953,0.0973,0.0023,0,0.0964,0.9891,-0.111,0,-0.013,-0.1103,-0.9938,0,0,1.7733,0,1]},{"frame":20,"values":[-0.9953,0.0973,0.0023,0,0.0964,0.9891,-0.111,0,-0.013,-0.1103,-0.9938,0,0,1.7733,0,1]},{"frame":21,"values":[-0.9953,0.0973,0.0023,0,0.0964,0.9891,-0.111,0,-0.013,-0.1103,-0.9938,0,0,1.7733,0,1]},{"frame":45,"values":[-0.9953,0.0973,0.0023,0,0.0964,0.9891,-0.111,0,-0.013,-0.1103,-0.9938,0,0,1.7733,0,1]}],"loopBehavior":1,"name":"anim","property":"_matrix"}},
{"name":"Bone.023","index":12,"matrix":[0.1944,0.0411,-0.9801,0,0.9273,0.3181,0.1973,0,0.3198,-0.9472,0.0238,0,0,1.3206,0,1],"parentBoneIndex":11,"animation":{"dataType":3,"framePerSecond":24,"keys":[{"frame":1,"values":[0.1944,0.0411,-0.9801,0,0.9273,0.3181,0.1973,0,0.3198,-0.9472,0.0238,0,0,1.3206,0,1]},{"frame":2,"values":[0.1944,0.0411,-0.9801,0,0.9273,0.3181,0.1973,0,0.3198,-0.9472,0.0238,0,0,1.3206,0,1]},{"frame":3,"values":[0.1944,0.0411,-0.9801,0,0.9273,0.3181,0.1973,0,0.3198,-0.9472,0.0238,0,0,1.3206,0,1]},{"frame":4,"values":[0.1944,0.0411,-0.9801,0,0.9273,0.3181,0.1973,0,0.3198,-0.9472,0.0238,0,0,1.3206,0,1]},{"frame":5,"values":[0.1944,0.0411,-0.9801,0,0.9273,0.3181,0.1973,0,0.3198,-0.9472,0.0238,0,0,1.3206,0,1]},{"frame":6,"values":[0.1944,0.0411,-0.9801,0,0.9273,0.3181,0.1973,0,0.3198,-0.9472,0.0238,0,0,1.3206,0,1]},{"frame":7,"values":[0.1944,0.0411,-0.9801,0,0.9273,0.3181,0.1973,0,0.3198,-0.9472,0.0238,0,0,1.3206,0,1]},{"frame":8,"values":[0.1944,0.0411,-0.9801,0,0.9273,0.3181,0.1973,0,0.3198,-0.9472,0.0238,0,0,1.3206,0,1]},{"frame":9,"values":[0.1944,0.0411,-0.9801,0,0.9273,0.3181,0.1973,0,0.3198,-0.9472,0.0238,0,0,1.3206,0,1]},{"frame":10,"values":[0.1944,0.0411,-0.9801,0,0.9273,0.3181,0.1973,0,0.3198,-0.9472,0.0238,0,0,1.3206,0,1]},{"frame":11,"values":[0.1944,0.0411,-0.9801,0,0.9273,0.3181,0.1973,0,0.3198,-0.9472,0.0238,0,0,1.3206,0,1]},{"frame":12,"values":[0.1944,0.0411,-0.9801,0,0.9273,0.3181,0.1973,0,0.3198,-0.9472,0.0238,0,0,1.3206,0,1]},{"frame":13,"values":[0.1944,0.0411,-0.9801,0,0.9273,0.3181,0.1973,0,0.3198,-0.9472,0.0238,0,0,1.3206,0,1]},{"frame":14,"values":[0.1944,0.0411,-0.9801,0,0.9273,0.3181,0.1973,0,0.3198,-0.9472,0.0238,0,0,1.3206,0,1]},{"frame":15,"values":[0.1944,0.0411,-0.9801,0,0.9273,0.3181,0.1973,0,0.3198,-0.9472,0.0238,0,0,1.3206,0,1]},{"frame":16,"values":[0.1944,0.0411,-0.9801,0,0.9273,0.3181,0.1973,0,0.3198,-0.9472,0.0238,0,0,1.3206,0,1]},{"frame":17,"values":[0.1944,0.0411,-0.9801,0,0.9273,0.3181,0.1973,0,0.3198,-0.9472,0.0238,0,0,1.3206,0,1]},{"frame":18,"values":[0.1944,0.0411,-0.9801,0,0.9273,0.3181,0.1973,0,0.3198,-0.9472,0.0238,0,0,1.3206,0,1]},{"frame":19,"values":[0.1944,0.0411,-0.9801,0,0.9273,0.3181,0.1973,0,0.3198,-0.9472,0.0238,0,0,1.3206,0,1]},{"frame":20,"values":[0.1944,0.0411,-0.9801,0,0.9273,0.3181,0.1973,0,0.3198,-0.9472,0.0238,0,0,1.3206,0,1]},{"frame":21,"values":[0.1944,0.0411,-0.9801,0,0.9273,0.3181,0.1973,0,0.3198,-0.9472,0.0238,0,0,1.3206,0,1]},{"frame":45,"values":[0.1944,0.0411,-0.9801,0,0.9273,0.3181,0.1973,0,0.3198,-0.9472,0.0238,0,0,1.3206,0,1]}],"loopBehavior":1,"name":"anim","property":"_matrix"}},
{"name":"Bone.024","index":13,"matrix":[-0.0145,0.3314,0.9434,0,0.0968,-0.9386,0.3312,0,-0.9952,-0.0962,0.0185,0,0.8408,-2.2006,0.319,1],"parentBoneIndex":-1,"animation":{"dataType":3,"framePerSecond":24,"keys":[{"frame":1,"values":[-0.0145,0.3314,0.9434,0,0.0968,-0.9386,0.3312,0,-0.9952,-0.0962,0.0185,0,0.8408,-2.2006,0.319,1]},{"frame":2,"values":[-0.0145,0.3059,0.952,0,0.0968,-0.9472,0.3058,0,-0.9952,-0.0966,0.0159,0,0.8408,-2.2006,0.319,1]},{"frame":3,"values":[-0.0145,0.2269,0.9738,0,0.0968,-0.969,0.2272,0,-0.9952,-0.0976,0.0079,0,0.8408,-2.2006,0.319,1]},{"frame":4,"values":[-0.0145,0.0942,0.9954,0,0.0968,-0.9907,0.0952,0,-0.9952,-0.0978,-0.0053,0,0.8408,-2.2006,0.319,1]},{"frame":5,"values":[-0.0145,-0.0801,0.9967,0,0.0968,-0.9922,-0.0783,0,-0.9952,-0.0954,-0.0222,0,0.8408,-2.2006,0.319,1]},{"frame":6,"values":[-0.0145,-0.2668,0.9636,0,0.0968,-0.9596,-0.2642,0,-0.9952,-0.0895,-0.0398,0,0.8408,-2.2006,0.319,1]},{"frame":7,"values":[-0.0145,-0.4301,0.9027,0,0.0968,-0.8991,-0.4268,0,-0.9952,-0.0812,-0.0547,0,0.8408,-2.2006,0.319,1]},{"frame":8,"values":[-0.0145,-0.5472,0.8368,0,0.0968,-0.8338,-0.5436,0,-0.9952,-0.0731,-0.0651,0,0.8408,-2.2006,0.319,1]},{"frame":9,"values":[-0.0145,-0.614,0.7892,0,0.0968,-0.7864,-0.61,0,-0.9952,-0.0676,-0.0709,0,0.8408,-2.2006,0.319,1]},{"frame":10,"values":[-0.0145,-0.635,0.7723,0,0.0968,-0.7697,-0.631,0,-0.9952,-0.0656,-0.0727,0,0.8408,-2.2006,0.319,1]},{"frame":11,"values":[-0.0145,-0.621,0.7837,0,0.0968,-0.7809,-0.6171,0,-0.9952,-0.0669,-0.0715,0,0.8408,-2.2006,0.319,1]},{"frame":12,"values":[-0.0145,-0.5772,0.8165,0,0.0968,-0.8136,-0.5734,0,-0.9952,-0.0707,-0.0677,0,0.8408,-2.2006,0.319,1]},{"frame":13,"values":[-0.0145,-0.5003,0.8657,0,0.0968,-0.8624,-0.4968,0,-0.9952,-0.0766,-0.061,0,0.8408,-2.2006,0.319,1]},{"frame":14,"values":[-0.0145,-0.3895,0.9209,0,0.0968,-0.9172,-0.3864,0,-0.9952,-0.0836,-0.051,0,0.8408,-2.2006,0.319,1]},{"frame":15,"values":[-0.0145,-0.2503,0.9681,0,0.0968,-0.964,-0.2478,0,-0.9952,-0.0902,-0.0382,0,0.8408,-2.2006,0.319,1]},{"frame":16,"values":[-0.0145,-0.0971,0.9952,0,0.0968,-0.9907,-0.0953,0,-0.9952,-0.095,-0.0238,0,0.8408,-2.2006,0.319,1]},{"frame":17,"values":[-0.0145,0.0499,0.9987,0,0.0968,-0.994,0.051,0,-0.9952,-0.0975,-0.0096,0,0.8408,-2.2006,0.319,1]},{"frame":18,"values":[-0.0145,0.1729,0.9848,0,0.0968,-0.9801,0.1735,0,-0.9952,-0.0979,0.0025,0,0.8408,-2.2006,0.319,1]},{"frame":19,"values":[-0.0145,0.2619,0.965,0,0.0968,-0.9602,0.2621,0,-0.9952,-0.0973,0.0114,0,0.8408,-2.2006,0.319,1]},{"frame":20,"values":[-0.0145,0.3144,0.9492,0,0.0968,-0.9444,0.3143,0,-0.9952,-0.0965,0.0167,0,0.8408,-2.2006,0.319,1]},{"frame":21,"values":[-0.0145,0.3314,0.9434,0,0.0968,-0.9386,0.3312,0,-0.9952,-0.0962,0.0185,0,0.8408,-2.2006,0.319,1]},{"frame":45,"values":[-0.0145,0.3314,0.9434,0,0.0968,-0.9386,0.3312,0,-0.9952,-0.0962,0.0185,0,0.8408,-2.2006,0.319,1]}],"loopBehavior":1,"name":"anim","property":"_matrix"}},
{"name":"Bone.025","index":14,"matrix":[-0.79,0.6093,0.068,0,0.6131,0.7859,0.0809,0,-0.0042,0.1056,-0.9944,0,0,1.7733,0,1],"parentBoneIndex":13,"animation":{"dataType":3,"framePerSecond":24,"keys":[{"frame":1,"values":[-0.79,0.6093,0.068,0,0.6131,0.7859,0.0809,0,-0.0042,0.1056,-0.9944,0,0,1.7733,0,1]},{"frame":2,"values":[-0.7929,0.6055,0.0677,0,0.6093,0.7888,0.0812,0,-0.0042,0.1057,-0.9944,0,0,1.7733,0,1]},{"frame":3,"values":[-0.8017,0.594,0.0667,0,0.5978,0.7974,0.0823,0,-0.0043,0.1058,-0.9944,0,0,1.7733,0,1]},{"frame":4,"values":[-0.8153,0.5753,0.0651,0,0.579,0.811,0.0838,0,-0.0046,0.1061,-0.9943,0,0,1.7733,0,1]},{"frame":5,"values":[-0.8321,0.5511,0.063,0,0.5547,0.8276,0.0858,0,-0.0048,0.1063,-0.9943,0,0,1.7733,0,1]},{"frame":6,"values":[-0.8493,0.5244,0.0606,0,0.5278,0.8448,0.0879,0,-0.0051,0.1066,-0.9943,0,0,1.7733,0,1]},{"frame":7,"values":[-0.8646,0.4991,0.0584,0,0.5025,0.8599,0.0897,0,-0.0054,0.1069,-0.9943,0,0,1.7733,0,1]},{"frame":8,"values":[-0.876,0.479,0.0566,0,0.4823,0.8712,0.0911,0,-0.0057,0.1071,-0.9942,0,0,1.7733,0,1]},{"frame":9,"values":[-0.8829,0.4664,0.0555,0,0.4696,0.8781,0.092,0,-0.0058,0.1072,-0.9942,0,0,1.7733,0,1]},{"frame":10,"values":[-0.8851,0.4621,0.0551,0,0.4653,0.8803,0.0923,0,-0.0059,0.1073,-0.9942,0,0,1.7733,0,1]},{"frame":11,"values":[-0.8836,0.4649,0.0553,0,0.4682,0.8788,0.0921,0,-0.0058,0.1073,-0.9942,0,0,1.7733,0,1]},{"frame":12,"values":[-0.879,0.4735,0.0561,0,0.4767,0.8743,0.0915,0,-0.0057,0.1072,-0.9942,0,0,1.7733,0,1]},{"frame":13,"values":[-0.8713,0.4873,0.0573,0,0.4907,0.8666,0.0905,0,-0.0056,0.107,-0.9942,0,0,1.7733,0,1]},{"frame":14,"values":[-0.8607,0.5056,0.059,0,0.509,0.8561,0.0893,0,-0.0054,0.1068,-0.9943,0,0,1.7733,0,1]},{"frame":15,"values":[-0.8478,0.5268,0.0608,0,0.5303,0.8433,0.0877,0,-0.0051,0.1066,-0.9943,0,0,1.7733,0,1]},{"frame":16,"values":[-0.8337,0.5487,0.0628,0,0.5523,0.8292,0.086,0,-0.0049,0.1064,-0.9943,0,0,1.7733,0,1]},{"frame":17,"values":[-0.8197,0.5692,0.0646,0,0.5728,0.8153,0.0844,0,-0.0046,0.1061,-0.9943,0,0,1.7733,0,1]},{"frame":18,"values":[-0.8073,0.5864,0.0661,0,0.5901,0.8031,0.0829,0,-0.0044,0.1059,-0.9944,0,0,1.7733,0,1]},{"frame":19,"values":[-0.7979,0.5991,0.0672,0,0.6028,0.7937,0.0818,0,-0.0043,0.1058,-0.9944,0,0,1.7733,0,1]},{"frame":20,"values":[-0.792,0.6068,0.0678,0,0.6105,0.7878,0.0811,0,-0.0042,0.1057,-0.9944,0,0,1.7733,0,1]},{"frame":21,"values":[-0.79,0.6093,0.068,0,0.6131,0.7859,0.0809,0,-0.0042,0.1056,-0.9944,0,0,1.7733,0,1]},{"frame":45,"values":[-0.79,0.6093,0.068,0,0.6131,0.7859,0.0809,0,-0.0042,0.1056,-0.9944,0,0,1.7733,0,1]}],"loopBehavior":1,"name":"anim","property":"_matrix"}},
{"name":"Bone.026","index":15,"matrix":[-0.1873,-0.0749,-0.9795,0,0.907,0.3698,-0.2017,0,0.3773,-0.9261,-0.0014,0,0,1.3206,0,1],"parentBoneIndex":14,"animation":{"dataType":3,"framePerSecond":24,"keys":[{"frame":1,"values":[-0.1873,-0.0749,-0.9795,0,0.907,0.3698,-0.2017,0,0.3773,-0.9261,-0.0014,0,0,1.3206,0,1]},{"frame":2,"values":[-0.1874,-0.0746,-0.9794,0,0.9074,0.3687,-0.2017,0,0.3762,-0.9265,-0.0014,0,0,1.3206,0,1]},{"frame":3,"values":[-0.1877,-0.074,-0.9794,0,0.9087,0.3654,-0.2017,0,0.3728,-0.9279,-0.0014,0,0,1.3206,0,1]},{"frame":4,"values":[-0.1882,-0.0729,-0.9794,0,0.9108,0.3602,-0.2018,0,0.3675,-0.93,-0.0014,0,0,1.3206,0,1]},{"frame":5,"values":[-0.1888,-0.0715,-0.9794,0,0.9134,0.3535,-0.2019,0,0.3607,-0.9327,-0.0014,0,0,1.3206,0,1]},{"frame":6,"values":[-0.1895,-0.0701,-0.9794,0,0.9161,0.3463,-0.202,0,0.3533,-0.9355,-0.0014,0,0,1.3206,0,1]},{"frame":7,"values":[-0.1901,-0.0687,-0.9794,0,0.9186,0.3396,-0.2021,0,0.3464,-0.9381,-0.0014,0,0,1.3206,0,1]},{"frame":8,"values":[-0.1905,-0.0676,-0.9793,0,0.9205,0.3343,-0.2022,0,0.341,-0.94,-0.0014,0,0,1.3206,0,1]},{"frame":9,"values":[-0.1908,-0.067,-0.9793,0,0.9217,0.331,-0.2022,0,0.3377,-0.9413,-0.0014,0,0,1.3206,0,1]},{"frame":10,"values":[-0.1909,-0.0667,-0.9793,0,0.9221,0.3299,-0.2022,0,0.3365,-0.9417,-0.0014,0,0,1.3206,0,1]},{"frame":11,"values":[-0.1909,-0.0669,-0.9793,0,0.9219,0.3306,-0.2022,0,0.3373,-0.9414,-0.0014,0,0,1.3206,0,1]},{"frame":12,"values":[-0.1907,-0.0673,-0.9793,0,0.9211,0.3328,-0.2022,0,0.3396,-0.9406,-0.0014,0,0,1.3206,0,1]},{"frame":13,"values":[-0.1903,-0.0681,-0.9794,0,0.9197,0.3365,-0.2021,0,0.3433,-0.9392,-0.0014,0,0,1.3206,0,1]},{"frame":14,"values":[-0.1899,-0.0691,-0.9794,0,0.918,0.3413,-0.2021,0,0.3482,-0.9374,-0.0014,0,0,1.3206,0,1]},{"frame":15,"values":[-0.1894,-0.0702,-0.9794,0,0.9159,0.3469,-0.202,0,0.354,-0.9353,-0.0014,0,0,1.3206,0,1]},{"frame":16,"values":[-0.1889,-0.0714,-0.9794,0,0.9136,0.3529,-0.2019,0,0.36,-0.9329,-0.0014,0,0,1.3206,0,1]},{"frame":17,"values":[-0.1883,-0.0726,-0.9794,0,0.9115,0.3585,-0.2018,0,0.3658,-0.9307,-0.0014,0,0,1.3206,0,1]},{"frame":18,"values":[-0.1879,-0.0735,-0.9794,0,0.9096,0.3633,-0.2018,0,0.3706,-0.9288,-0.0014,0,0,1.3206,0,1]},{"frame":19,"values":[-0.1875,-0.0743,-0.9794,0,0.9081,0.3669,-0.2017,0,0.3743,-0.9273,-0.0014,0,0,1.3206,0,1]},{"frame":20,"values":[-0.1873,-0.0747,-0.9795,0,0.9073,0.3691,-0.2017,0,0.3765,-0.9264,-0.0014,0,0,1.3206,0,1]},{"frame":21,"values":[-0.1873,-0.0749,-0.9795,0,0.907,0.3698,-0.2017,0,0.3773,-0.9261,-0.0014,0,0,1.3206,0,1]},{"frame":45,"values":[-0.1873,-0.0749,-0.9795,0,0.907,0.3698,-0.2017,0,0.3773,-0.9261,-0.0014,0,0,1.3206,0,1]}],"loopBehavior":1,"name":"anim","property":"_matrix"}}]}],
"meshes":[{"name":"bawana","id":"bawana","materialId":"bannana_with_bones.Multimaterial#0","billboardMode":0,"position":[0,0,0],"rotation":[0,0,0],"scaling":[1,1,1],"isVisible":true,"isEnabled":true,"useFlatShading":false,"checkCollisions":false,"receiveShadows":false,"meshType":"Player","meshOptions":"","skeletonId":0
